1 2 29
1 3 82
1 4 46
1 5 68
1 6 52
1 7 72
1 8 42
1 9 51
1 10 55
1 11 29
1 12 74
1 13 23
1 14 72
1 15 46
2 3 55
2 4 46
2 5 42
2 6 43
2 7 43
2 8 23
2 9 23
2 10 31
2 11 41
2 12 51
2 13 11
2 14 52
2 15 21
3 4 68
3 5 46
3 6 55
3 7 23
3 8 43
3 9 41
3 10 29
3 11 79
3 12 21
3 13 64
3 14 31
3 15 51
4 5 82
4 6 15
4 7 72
4 8 31
4 9 62
4 10 42
4 11 21
4 12 51
4 13 51
4 14 43
4 15 64
5 6 74
5 7 23
5 8 52
5 9 21
5 10 46
5 11 82
5 12 58
5 13 46
5 14 65
5 15 23
6 7 61
6 8 23
6 9 55
6 10 31
6 11 33
6 12 37
6 13 51
6 14 29
6 15 59
7 8 42
7 9 23
7 10 31
7 11 77
7 12 37
7 13 51
7 14 46
7 15 33
8 9 33
8 10 15
8 11 37
8 12 33
8 13 33
8 14 31
8 15 37
9 10 29
9 11 62
9 12 46
9 13 29
9 14 51
9 15 11
10 11 51
10 12 21
10 13 41
10 14 23
10 15 37
11 12 65
11 13 42
11 14 59
11 15 61
12 13 61
12 14 11
12 15 55
13 14 62
13 15 23
14 15 59